(kicad_pcb (version 20171130) (host pcbnew "(5.0.0)")

  (general
    (thickness 1.6)
    (drawings 1754)
    (tracks 227)
    (zones 0)
    (modules 29)
    (nets 21)
  )

  (page A4)
  (layers
    (0 F.Cu signal)
    (31 B.Cu signal)
    (32 B.Adhes user hide)
    (33 F.Adhes user)
    (34 B.Paste user hide)
    (35 F.Paste user)
    (36 B.SilkS user hide)
    (37 F.SilkS user)
    (38 B.Mask user hide)
    (39 F.Mask user)
    (40 Dwgs.User user)
    (41 Cmts.User user)
    (42 Eco1.User user)
    (43 Eco2.User user)
    (44 Edge.Cuts user)
    (45 Margin user)
    (46 B.CrtYd user)
    (47 F.CrtYd user)
    (48 B.Fab user hide)
    (49 F.Fab user hide)
  )

  (setup
    (last_trace_width 0.25)
    (user_trace_width 0.5)
    (user_trace_width 1)
    (trace_clearance 0.2)
    (zone_clearance 0.2508)
    (zone_45_only no)
    (trace_min 0.2)
    (segment_width 0.15)
    (edge_width 0.15)
    (via_size 0.8)
    (via_drill 0.4)
    (via_min_size 0.4)
    (via_min_drill 0.3)
    (uvia_size 0.3)
    (uvia_drill 0.1)
    (uvias_allowed no)
    (uvia_min_size 0.2)
    (uvia_min_drill 0.1)
    (pcb_text_width 0.3)
    (pcb_text_size 1.5 1.5)
    (mod_edge_width 0.15)
    (mod_text_size 1 1)
    (mod_text_width 0.15)
    (pad_size 1.524 1.524)
    (pad_drill 0.762)
    (pad_to_mask_clearance 0.2)
    (aux_axis_origin 0 0)
    (visible_elements 7FFFFFFF)
    (pcbplotparams
      (layerselection 0x010fc_ffffffff)
      (usegerberextensions true)
      (usegerberattributes false)
      (usegerberadvancedattributes false)
      (creategerberjobfile false)
      (excludeedgelayer true)
      (linewidth 0.100000)
      (plotframeref false)
      (viasonmask false)
      (mode 1)
      (useauxorigin false)
      (hpglpennumber 1)
      (hpglpenspeed 20)
      (hpglpendiameter 15.000000)
      (psnegative false)
      (psa4output false)
      (plotreference true)
      (plotvalue true)
      (plotinvisibletext false)
      (padsonsilk false)
      (subtractmaskfromsilk false)
      (outputformat 1)
      (mirror false)
      (drillshape 0)
      (scaleselection 1)
      (outputdirectory "Gerbers/"))
  )

  (net 0 "")
  (net 1 GND)
  (net 2 "Net-(R10-Pad2)")
  (net 3 "Net-(U2-Pad5)")
  (net 4 +9V)
  (net 5 "Net-(DP3T1-Pad1)")
  (net 6 "Net-(DP3T1-Pad2)")
  (net 7 "Net-(DP3T1-Pad3)")
  (net 8 "Net-(DP3T1-Pad4)")
  (net 9 GNDREF)
  (net 10 "Net-(C6-Pad1)")
  (net 11 "Net-(C4-Pad2)")
  (net 12 "Net-(DP3T1-Pad6)")
  (net 13 "Net-(R8-Pad1)")
  (net 14 "Net-(R2-Pad2)")
  (net 15 "Net-(C4-Pad1)")
  (net 16 "Net-(R12-Pad1)")
  (net 17 "Net-(C2-Pad1)")
  (net 18 "Net-(C2-Pad2)")
  (net 19 "Net-(R6-Pad2)")
  (net 20 "Net-(U3-Pad5)")

  (net_class Default "This is the default net class."
    (clearance 0.2)
    (trace_width 0.25)
    (via_dia 0.8)
    (via_drill 0.4)
    (uvia_dia 0.3)
    (uvia_drill 0.1)
    (add_net +9V)
    (add_net GND)
    (add_net GNDREF)
    (add_net "Net-(C2-Pad1)")
    (add_net "Net-(C2-Pad2)")
    (add_net "Net-(C4-Pad1)")
    (add_net "Net-(C4-Pad2)")
    (add_net "Net-(C6-Pad1)")
    (add_net "Net-(DP3T1-Pad1)")
    (add_net "Net-(DP3T1-Pad2)")
    (add_net "Net-(DP3T1-Pad3)")
    (add_net "Net-(DP3T1-Pad4)")
    (add_net "Net-(DP3T1-Pad6)")
    (add_net "Net-(R10-Pad2)")
    (add_net "Net-(R12-Pad1)")
    (add_net "Net-(R2-Pad2)")
    (add_net "Net-(R6-Pad2)")
    (add_net "Net-(R8-Pad1)")
    (add_net "Net-(U2-Pad5)")
    (add_net "Net-(U3-Pad5)")
  )

  (module Battery:BatteryHolder_Keystone_3008_1x2450 (layer B.Cu) (tedit 58972352) (tstamp 5C9807B2)
    (at 130.5 109.5 180)
    (descr http://www.keyelco.com/product-pdf.cfm?p=786)
    (tags "Keystone type 3008 coin cell retainer")
    (path /5CAB635C)
    (attr smd)
    (fp_text reference BT1 (at 0 14.4 180) (layer B.SilkS)
      (effects (font (size 1 1) (thickness 0.15)) (justify mirror))
    )
    (fp_text value Battery_Cell (at 0 -14 180) (layer B.Fab)
      (effects (font (size 1 1) (thickness 0.15)) (justify mirror))
    )
    (fp_text user %R (at 0 0 180) (layer B.Fab)
      (effects (font (size 1 1) (thickness 0.15)) (justify mirror))
    )
    (fp_arc (start 0 0) (end 0 -12.8) (angle 41.7) (layer B.CrtYd) (width 0.05))
    (fp_arc (start 0 -21) (end 9.15 -10.05) (angle 3.2) (layer B.CrtYd) (width 0.05))
    (fp_arc (start 0 0) (end 0 -12.8) (angle -41.7) (layer B.CrtYd) (width 0.05))
    (fp_arc (start 0 -21) (end -9.15 -10.05) (angle -3.2) (layer B.CrtYd) (width 0.05))
    (fp_arc (start 10.15 -9) (end 10.15 -10.45) (angle -45) (layer B.CrtYd) (width 0.05))
    (fp_arc (start -10.15 -9) (end -10.15 -10.45) (angle 45) (layer B.CrtYd) (width 0.05))
    (fp_arc (start 10.15 -7.25) (end 10.15 -10.45) (angle 90) (layer B.CrtYd) (width 0.05))
    (fp_arc (start -10.15 -7.25) (end -10.15 -10.45) (angle -90) (layer B.CrtYd) (width 0.05))
    (fp_arc (start 0 -21) (end -9.55 -9.73) (angle -80) (layer B.SilkS) (width 0.12))
    (fp_arc (start 10.15 -9) (end 10.15 -9.95) (angle -45) (layer B.SilkS) (width 0.12))
    (fp_arc (start -10.15 -9) (end -10.15 -9.95) (angle 45) (layer B.SilkS) (width 0.12))
    (fp_arc (start 10.15 -9) (end 10.15 -9.8) (angle -45) (layer B.Fab) (width 0.1))
    (fp_arc (start -10.15 -9) (end -10.15 -9.8) (angle 45) (layer B.Fab) (width 0.1))
    (fp_arc (start 0 -21) (end -9.6 -9.58) (angle -80) (layer B.Fab) (width 0.1))
    (fp_arc (start -10.15 -7.25) (end -10.15 -9.95) (angle -90) (layer B.SilkS) (width 0.12))
    (fp_arc (start 10.15 -7.25) (end 10.15 -9.95) (angle 90) (layer B.SilkS) (width 0.12))
    (fp_line (start 12.85 -3.1) (end 12.85 -7.3) (layer B.SilkS) (width 0.12))
    (fp_line (start -12.85 -3.1) (end -12.85 -7.3) (layer B.SilkS) (width 0.12))
    (fp_line (start 13.35 -3.25) (end 13.35 -7.3) (layer B.CrtYd) (width 0.05))
    (fp_arc (start 10.15 -7.25) (end 10.15 -9.8) (angle 90) (layer B.Fab) (width 0.1))
    (fp_arc (start -10.15 -7.25) (end -10.15 -9.8) (angle -90) (layer B.Fab) (width 0.1))
    (fp_circle (center 0 0) (end 12.25 0) (layer Dwgs.User) (width 0.15))
    (fp_line (start 4.45 13.55) (end 4.45 12.55) (layer B.CrtYd) (width 0.05))
    (fp_line (start -4.45 13.55) (end 4.45 13.55) (layer B.CrtYd) (width 0.05))
    (fp_line (start -4.45 13.55) (end -4.45 12.55) (layer B.CrtYd) (width 0.05))
    (fp_line (start 4.45 12.55) (end 13.35 6.7) (layer B.CrtYd) (width 0.05))
    (fp_line (start 13.35 6.7) (end 13.35 3.25) (layer B.CrtYd) (width 0.05))
    (fp_line (start 18.8 -3.25) (end 13.35 -3.25) (layer B.CrtYd) (width 0.05))
    (fp_line (start 18.8 3.25) (end 18.8 -3.25) (layer B.CrtYd) (width 0.05))
    (fp_line (start 13.35 3.25) (end 18.8 3.25) (layer B.CrtYd) (width 0.05))
    (fp_line (start -4.45 12.55) (end -13.35 6.7) (layer B.CrtYd) (width 0.05))
    (fp_line (start -18.8 3.25) (end -18.8 -3.25) (layer B.CrtYd) (width 0.05))
    (fp_line (start -18.8 -3.25) (end -13.35 -3.25) (layer B.CrtYd) (width 0.05))
    (fp_line (start -13.35 -3.25) (end -13.35 -7.3) (layer B.CrtYd) (width 0.05))
    (fp_line (start -13.35 3.25) (end -18.8 3.25) (layer B.CrtYd) (width 0.05))
    (fp_line (start -13.35 6.7) (end -13.35 3.25) (layer B.CrtYd) (width 0.05))
    (fp_line (start 12.85 6.4) (end 12.85 3.1) (layer B.SilkS) (width 0.12))
    (fp_line (start 3.95 12.25) (end 12.85 6.4) (layer B.SilkS) (width 0.12))
    (fp_line (start 3.95 13.05) (end 3.95 12.25) (layer B.SilkS) (width 0.12))
    (fp_line (start -3.95 13.05) (end 3.95 13.05) (layer B.SilkS) (width 0.12))
    (fp_line (start -3.95 13.05) (end -3.95 12.25) (layer B.SilkS) (width 0.12))
    (fp_line (start -3.95 12.25) (end -12.85 6.4) (layer B.SilkS) (width 0.12))
    (fp_line (start -12.85 6.4) (end -12.85 3.1) (layer B.SilkS) (width 0.12))
    (fp_line (start 3.8 12.2) (end 12.7 6.35) (layer B.Fab) (width 0.1))
    (fp_line (start 12.7 6.35) (end 12.7 -7.3) (layer B.Fab) (width 0.1))
    (fp_line (start -3.8 12.2) (end -12.7 6.35) (layer B.Fab) (width 0.1))
    (fp_line (start -12.7 6.35) (end -12.7 -7.3) (layer B.Fab) (width 0.1))
    (fp_line (start -3.8 12.9) (end -3.8 12.2) (layer B.Fab) (width 0.1))
    (fp_line (start 3.8 12.9) (end 3.8 12.2) (layer B.Fab) (width 0.1))
    (fp_line (start -3.8 12.9) (end 3.8 12.9) (layer B.Fab) (width 0.1))
    (pad 1 smd rect (at -15.3 0 180) (size 6 5.5) (layers B.Cu B.Paste B.Mask)
      (net 4 +9V))
    (pad 1 smd rect (at 15.3 0 180) (size 6 5.5) (layers B.Cu B.Paste B.Mask)
      (net 4 +9V))
    (pad 2 smd rect (at 0 0 180) (size 8 8) (layers B.Cu B.Mask)
      (net 1 GND))
    (model ${KISYS3DMOD}/Battery.3dshapes/BatteryHolder_Keystone_3008_1x2450.wrl
      (at (xyz 0 0 0))
      (scale (xyz 1 1 1))
      (rotate (xyz 0 0 0))
    )
  )

  (module Capacitor_SMD:C_0603_1608Metric (layer F.Cu) (tedit 5B301BBE) (tstamp 5C97EDC7)
    (at 149.85 122.8375 90)
    (descr "Capacitor SMD 0603 (1608 Metric), square (rectangular) end terminal, IPC_7351 nominal, (Body size source: http://www.tortai-tech.com/upload/download/2011102023233369053.pdf), generated with kicad-footprint-generator")
    (tags capacitor)
    (path /5CAAF1E6)
    (attr smd)
    (fp_text reference C2 (at 0 -1.43 90) (layer F.SilkS)
      (effects (font (size 1 1) (thickness 0.15)))
    )
    (fp_text value 10p (at 0 1.43 90) (layer F.Fab)
      (effects (font (size 1 1) (thickness 0.15)))
    )
    (fp_line (start -0.8 0.4) (end -0.8 -0.4) (layer F.Fab) (width 0.1))
    (fp_line (start -0.8 -0.4) (end 0.8 -0.4) (layer F.Fab) (width 0.1))
    (fp_line (start 0.8 -0.4) (end 0.8 0.4) (layer F.Fab) (width 0.1))
    (fp_line (start 0.8 0.4) (end -0.8 0.4) (layer F.Fab) (width 0.1))
    (fp_line (start -0.162779 -0.51) (end 0.162779 -0.51) (layer F.SilkS) (width 0.12))
    (fp_line (start -0.162779 0.51) (end 0.162779 0.51) (layer F.SilkS) (width 0.12))
    (fp_line (start -1.48 0.73) (end -1.48 -0.73) (layer F.CrtYd) (width 0.05))
    (fp_line (start -1.48 -0.73) (end 1.48 -0.73) (layer F.CrtYd) (width 0.05))
    (fp_line (start 1.48 -0.73) (end 1.48 0.73) (layer F.CrtYd) (width 0.05))
    (fp_line (start 1.48 0.73) (end -1.48 0.73) (layer F.CrtYd) (width 0.05))
    (fp_text user %R (at 0 0 90) (layer F.Fab)
      (effects (font (size 0.4 0.4) (thickness 0.06)))
    )
    (pad 1 smd roundrect (at -0.7875 0 90) (size 0.875 0.95) (layers F.Cu F.Paste F.Mask) (roundrect_rratio 0.25)
      (net 17 "Net-(C2-Pad1)"))
    (pad 2 smd roundrect (at 0.7875 0 90) (size 0.875 0.95) (layers F.Cu F.Paste F.Mask) (roundrect_rratio 0.25)
      (net 18 "Net-(C2-Pad2)"))
    (model ${KISYS3DMOD}/Capacitor_SMD.3dshapes/C_0603_1608Metric.wrl
      (at (xyz 0 0 0))
      (scale (xyz 1 1 1))
      (rotate (xyz 0 0 0))
    )
  )

  (module Package_TO_SOT_SMD:SOT-23-5 (layer F.Cu) (tedit 5A02FF57) (tstamp 5C97F085)
    (at 142.25 118 90)
    (descr "5-pin SOT23 package")
    (tags SOT-23-5)
    (path /5CAAF224)
    (attr smd)
    (fp_text reference U1 (at 0 -2.9 90) (layer F.SilkS)
      (effects (font (size 1 1) (thickness 0.15)))
    )
    (fp_text value LMV321 (at 0 2.9 90) (layer F.Fab)
      (effects (font (size 1 1) (thickness 0.15)))
    )
    (fp_text user %R (at 0 0 180) (layer F.Fab)
      (effects (font (size 0.5 0.5) (thickness 0.075)))
    )
    (fp_line (start -0.9 1.61) (end 0.9 1.61) (layer F.SilkS) (width 0.12))
    (fp_line (start 0.9 -1.61) (end -1.55 -1.61) (layer F.SilkS) (width 0.12))
    (fp_line (start -1.9 -1.8) (end 1.9 -1.8) (layer F.CrtYd) (width 0.05))
    (fp_line (start 1.9 -1.8) (end 1.9 1.8) (layer F.CrtYd) (width 0.05))
    (fp_line (start 1.9 1.8) (end -1.9 1.8) (layer F.CrtYd) (width 0.05))
    (fp_line (start -1.9 1.8) (end -1.9 -1.8) (layer F.CrtYd) (width 0.05))
    (fp_line (start -0.9 -0.9) (end -0.25 -1.55) (layer F.Fab) (width 0.1))
    (fp_line (start 0.9 -1.55) (end -0.25 -1.55) (layer F.Fab) (width 0.1))
    (fp_line (start -0.9 -0.9) (end -0.9 1.55) (layer F.Fab) (width 0.1))
    (fp_line (start 0.9 1.55) (end -0.9 1.55) (layer F.Fab) (width 0.1))
    (fp_line (start 0.9 -1.55) (end 0.9 1.55) (layer F.Fab) (width 0.1))
    (pad 1 smd rect (at -1.1 -0.95 90) (size 1.06 0.65) (layers F.Cu F.Paste F.Mask)
      (net 14 "Net-(R2-Pad2)"))
    (pad 2 smd rect (at -1.1 0 90) (size 1.06 0.65) (layers F.Cu F.Paste F.Mask)
      (net 1 GND))
    (pad 3 smd rect (at -1.1 0.95 90) (size 1.06 0.65) (layers F.Cu F.Paste F.Mask)
      (net 19 "Net-(R6-Pad2)"))
    (pad 4 smd rect (at 1.1 0.95 90) (size 1.06 0.65) (layers F.Cu F.Paste F.Mask)
      (net 19 "Net-(R6-Pad2)"))
    (pad 5 smd rect (at 1.1 -0.95 90) (size 1.06 0.65) (layers F.Cu F.Paste F.Mask)
      (net 4 +9V))
    (model ${KISYS3DMOD}/Package_TO_SOT_SMD.3dshapes/SOT-23-5.wrl
      (at (xyz 0 0 0))
      (scale (xyz 1 1 1))
      (rotate (xyz 0 0 0))
    )
  )

  (module Package_TO_SOT_SMD:SOT-23-6 (layer F.Cu) (tedit 5A02FF57) (tstamp 5C97ED8D)
    (at 147.75 118 270)
    (descr "6-pin SOT-23 package")
    (tags SOT-23-6)
    (path /5CAAF1BF)
    (attr smd)
    (fp_text reference U2 (at 0 -2.9 270) (layer F.SilkS)
      (effects (font (size 1 1) (thickness 0.15)))
    )
    (fp_text value MAX4239AUT (at 0 2.9 270) (layer F.Fab)
      (effects (font (size 1 1) (thickness 0.15)))
    )
    (fp_line (start 0.9 -1.55) (end 0.9 1.55) (layer F.Fab) (width 0.1))
    (fp_line (start 0.9 1.55) (end -0.9 1.55) (layer F.Fab) (width 0.1))
    (fp_line (start -0.9 -0.9) (end -0.9 1.55) (layer F.Fab) (width 0.1))
    (fp_line (start 0.9 -1.55) (end -0.25 -1.55) (layer F.Fab) (width 0.1))
    (fp_line (start -0.9 -0.9) (end -0.25 -1.55) (layer F.Fab) (width 0.1))
    (fp_line (start -1.9 -1.8) (end -1.9 1.8) (layer F.CrtYd) (width 0.05))
    (fp_line (start -1.9 1.8) (end 1.9 1.8) (layer F.CrtYd) (width 0.05))
    (fp_line (start 1.9 1.8) (end 1.9 -1.8) (layer F.CrtYd) (width 0.05))
    (fp_line (start 1.9 -1.8) (end -1.9 -1.8) (layer F.CrtYd) (width 0.05))
    (fp_line (start 0.9 -1.61) (end -1.55 -1.61) (layer F.SilkS) (width 0.12))
    (fp_line (start -0.9 1.61) (end 0.9 1.61) (layer F.SilkS) (width 0.12))
    (fp_text user %R (at 0 0) (layer F.Fab)
      (effects (font (size 0.5 0.5) (thickness 0.075)))
    )
    (pad 5 smd rect (at 1.1 0 270) (size 1.06 0.65) (layers F.Cu F.Paste F.Mask)
      (net 3 "Net-(U2-Pad5)"))
    (pad 6 smd rect (at 1.1 -0.95 270) (size 1.06 0.65) (layers F.Cu F.Paste F.Mask)
      (net 4 +9V))
    (pad 4 smd rect (at 1.1 0.95 270) (size 1.06 0.65) (layers F.Cu F.Paste F.Mask)
      (net 18 "Net-(C2-Pad2)"))
    (pad 3 smd rect (at -1.1 0.95 270) (size 1.06 0.65) (layers F.Cu F.Paste F.Mask)
      (net 13 "Net-(R8-Pad1)"))
    (pad 2 smd rect (at -1.1 0 270) (size 1.06 0.65) (layers F.Cu F.Paste F.Mask)
      (net 1 GND))
    (pad 1 smd rect (at -1.1 -0.95 270) (size 1.06 0.65) (layers F.Cu F.Paste F.Mask)
      (net 17 "Net-(C2-Pad1)"))
    (model ${KISYS3DMOD}/Package_TO_SOT_SMD.3dshapes/SOT-23-6.wrl
      (at (xyz 0 0 0))
      (scale (xyz 1 1 1))
      (rotate (xyz 0 0 0))
    )
  )

  (module Package_TO_SOT_SMD:SOT-23-6 (layer F.Cu) (tedit 5A02FF57) (tstamp 5C97EC8E)
    (at 145.65 109.75 90)
    (descr "6-pin SOT-23 package")
    (tags SOT-23-6)
    (path /5CAAF185)
    (attr smd)
    (fp_text reference U3 (at 0 -2.9 90) (layer F.SilkS)
      (effects (font (size 1 1) (thickness 0.15)))
    )
    (fp_text value MAX4239AUT (at 0 2.9 90) (layer F.Fab)
      (effects (font (size 1 1) (thickness 0.15)))
    )
    (fp_text user %R (at 0 0 180) (layer F.Fab)
      (effects (font (size 0.5 0.5) (thickness 0.075)))
    )
    (fp_line (start -0.9 1.61) (end 0.9 1.61) (layer F.SilkS) (width 0.12))
    (fp_line (start 0.9 -1.61) (end -1.55 -1.61) (layer F.SilkS) (width 0.12))
    (fp_line (start 1.9 -1.8) (end -1.9 -1.8) (layer F.CrtYd) (width 0.05))
    (fp_line (start 1.9 1.8) (end 1.9 -1.8) (layer F.CrtYd) (width 0.05))
    (fp_line (start -1.9 1.8) (end 1.9 1.8) (layer F.CrtYd) (width 0.05))
    (fp_line (start -1.9 -1.8) (end -1.9 1.8) (layer F.CrtYd) (width 0.05))
    (fp_line (start -0.9 -0.9) (end -0.25 -1.55) (layer F.Fab) (width 0.1))
    (fp_line (start 0.9 -1.55) (end -0.25 -1.55) (layer F.Fab) (width 0.1))
    (fp_line (start -0.9 -0.9) (end -0.9 1.55) (layer F.Fab) (width 0.1))
    (fp_line (start 0.9 1.55) (end -0.9 1.55) (layer F.Fab) (width 0.1))
    (fp_line (start 0.9 -1.55) (end 0.9 1.55) (layer F.Fab) (width 0.1))
    (pad 1 smd rect (at -1.1 -0.95 90) (size 1.06 0.65) (layers F.Cu F.Paste F.Mask)
      (net 15 "Net-(C4-Pad1)"))
    (pad 2 smd rect (at -1.1 0 90) (size 1.06 0.65) (layers F.Cu F.Paste F.Mask)
      (net 1 GND))
    (pad 3 smd rect (at -1.1 0.95 90) (size 1.06 0.65) (layers F.Cu F.Paste F.Mask)
      (net 17 "Net-(C2-Pad1)"))
    (pad 4 smd rect (at 1.1 0.95 90) (size 1.06 0.65) (layers F.Cu F.Paste F.Mask)
      (net 11 "Net-(C4-Pad2)"))
    (pad 6 smd rect (at 1.1 -0.95 90) (size 1.06 0.65) (layers F.Cu F.Paste F.Mask)
      (net 4 +9V))
    (pad 5 smd rect (at 1.1 0 90) (size 1.06 0.65) (layers F.Cu F.Paste F.Mask)
      (net 20 "Net-(U3-Pad5)"))
    (model ${KISYS3DMOD}/Package_TO_SOT_SMD.3dshapes/SOT-23-6.wrl
      (at (xyz 0 0 0))
      (scale (xyz 1 1 1))
      (rotate (xyz 0 0 0))
    )
  )

  (module athir:OS203013MT6QN1 (layer F.Cu) (tedit 5C97DC54) (tstamp 5CBAA76F)
    (at 151.7 99.1 180)
    (path /5CAAF26B)
    (fp_text reference DP3T1 (at 0.35 4.85 180) (layer F.SilkS)
      (effects (font (size 1 1) (thickness 0.15)))
    )
    (fp_text value OS203013MT6QN1 (at 0.2 -0.1 180) (layer F.Fab)
      (effects (font (size 1 1) (thickness 0.15)))
    )
    (fp_line (start 6.9 -4.9) (end 6.9 5) (layer F.Fab) (width 0.15))
    (fp_line (start 6.9 5) (end -6.9 5) (layer F.Fab) (width 0.15))
    (fp_line (start -6.9 5) (end -6.9 -4.9) (layer F.Fab) (width 0.15))
    (fp_line (start -6.9 -4.9) (end 6.9 -4.9) (layer F.Fab) (width 0.15))
    (pad 1 thru_hole circle (at -4.5 -2.15 180) (size 1.6 1.6) (drill 1.3) (layers *.Cu *.Mask)
      (net 5 "Net-(DP3T1-Pad1)"))
    (pad 2 thru_hole circle (at -1.5 -2.15 180) (size 1.6 1.6) (drill 1.3) (layers *.Cu *.Mask)
      (net 6 "Net-(DP3T1-Pad2)"))
    (pad 3 thru_hole circle (at 1.5 -2.15 180) (size 1.6 1.6) (drill 1.3) (layers *.Cu *.Mask)
      (net 7 "Net-(DP3T1-Pad3)"))
    (pad 4 thru_hole circle (at 4.5 -2.15 180) (size 1.6 1.6) (drill 1.3) (layers *.Cu *.Mask)
      (net 8 "Net-(DP3T1-Pad4)"))
    (pad 5 thru_hole circle (at -4.5 2.15 180) (size 1.6 1.6) (drill 1.3) (layers *.Cu *.Mask)
      (net 7 "Net-(DP3T1-Pad3)"))
    (pad 3 thru_hole circle (at 1.5 2.15 180) (size 1.6 1.6) (drill 1.3) (layers *.Cu *.Mask)
      (net 7 "Net-(DP3T1-Pad3)"))
    (pad 4 thru_hole circle (at 4.5 2.15 180) (size 1.6 1.6) (drill 1.3) (layers *.Cu *.Mask)
      (net 8 "Net-(DP3T1-Pad4)"))
    (pad 4 thru_hole circle (at -1.5 2.15 180) (size 1.6 1.6) (drill 1.3) (layers *.Cu *.Mask)
      (net 8 "Net-(DP3T1-Pad4)"))
    (pad "" np_thru_hole circle (at 5.9 4.7 180) (size 1.6 1.6) (drill 1.3) (layers *.Cu *.Mask))
    (pad "" np_thru_hole circle (at -5.9 4.7 180) (size 1.6 1.6) (drill 1.3) (layers *.Cu *.Mask))
    (pad "" np_thru_hole circle (at -5.9 -4.7 180) (size 1.6 1.6) (drill 1.3) (layers *.Cu *.Mask))
    (pad "" np_thru_hole circle (at 5.9 -4.7 180) (size 1.6 1.6) (drill 1.3) (layers *.Cu *.Mask))
  )

  (module Resistor_SMD:R_0603_1608Metric (layer F.Cu) (tedit 5B301BBD) (tstamp 5C97ECF8)
    (at 147.85 122.85 90)
    (descr "Resistor SMD 0603 (1608 Metric), square (rectangular) end terminal, IPC_7351 nominal, (Body size source: http://www.tortai-tech.com/upload/download/2011102023233369053.pdf), generated with kicad-footprint-generator")
    (tags resistor)
    (path /5CAAF1DA)
    (attr smd)
    (fp_text reference R9 (at 0 -1.43 90) (layer F.SilkS)
      (effects (font (size 1 1) (thickness 0.15)))
    )
    (fp_text value "6.8k .05%" (at 0 1.43 90) (layer F.Fab)
      (effects (font (size 1 1) (thickness 0.15)))
    )
    (fp_line (start -0.8 0.4) (end -0.8 -0.4) (layer F.Fab) (width 0.1))
    (fp_line (start -0.8 -0.4) (end 0.8 -0.4) (layer F.Fab) (width 0.1))
    (fp_line (start 0.8 -0.4) (end 0.8 0.4) (layer F.Fab) (width 0.1))
    (fp_line (start 0.8 0.4) (end -0.8 0.4) (layer F.Fab) (width 0.1))
    (fp_line (start -0.162779 -0.51) (end 0.162779 -0.51) (layer F.SilkS) (width 0.12))
    (fp_line (start -0.162779 0.51) (end 0.162779 0.51) (layer F.SilkS) (width 0.12))
    (fp_line (start -1.48 0.73) (end -1.48 -0.73) (layer F.CrtYd) (width 0.05))
    (fp_line (start -1.48 -0.73) (end 1.48 -0.73) (layer F.CrtYd) (width 0.05))
    (fp_line (start 1.48 -0.73) (end 1.48 0.73) (layer F.CrtYd) (width 0.05))
    (fp_line (start 1.48 0.73) (end -1.48 0.73) (layer F.CrtYd) (width 0.05))
    (fp_text user %R (at 0 0 90) (layer F.Fab)
      (effects (font (size 0.4 0.4) (thickness 0.06)))
    )
    (pad 1 smd roundrect (at -0.7875 0 90) (size 0.875 0.95) (layers F.Cu F.Paste F.Mask) (roundrect_rratio 0.25)
      (net 2 "Net-(R10-Pad2)"))
    (pad 2 smd roundrect (at 0.7875 0 90) (size 0.875 0.95) (layers F.Cu F.Paste F.Mask) (roundrect_rratio 0.25)
      (net 18 "Net-(C2-Pad2)"))
    (model ${KISYS3DMOD}/Resistor_SMD.3dshapes/R_0603_1608Metric.wrl
      (at (xyz 0 0 0))
      (scale (xyz 1 1 1))
      (rotate (xyz 0 0 0))
    )
  )

  (module Resistor_SMD:R_0603_1608Metric (layer F.Cu) (tedit 5B301BBD) (tstamp 5CAE6420)
    (at 143.85 122.85 270)
    (descr "Resistor SMD 0603 (1608 Metric), square (rectangular) end terminal, IPC_7351 nominal, (Body size source: http://www.tortai-tech.com/upload/download/2011102023233369053.pdf), generated with kicad-footprint-generator")
    (tags resistor)
    (path /5CAAF22B)
    (attr smd)
    (fp_text reference R6 (at 0 -1.43 270) (layer F.SilkS)
      (effects (font (size 1 1) (thickness 0.15)))
    )
    (fp_text value 100 (at 0 1.43 270) (layer F.Fab)
      (effects (font (size 1 1) (thickness 0.15)))
    )
    (fp_text user %R (at 0 0 270) (layer F.Fab)
      (effects (font (size 0.4 0.4) (thickness 0.06)))
    )
    (fp_line (start 1.48 0.73) (end -1.48 0.73) (layer F.CrtYd) (width 0.05))
    (fp_line (start 1.48 -0.73) (end 1.48 0.73) (layer F.CrtYd) (width 0.05))
    (fp_line (start -1.48 -0.73) (end 1.48 -0.73) (layer F.CrtYd) (width 0.05))
    (fp_line (start -1.48 0.73) (end -1.48 -0.73) (layer F.CrtYd) (width 0.05))
    (fp_line (start -0.162779 0.51) (end 0.162779 0.51) (layer F.SilkS) (width 0.12))
    (fp_line (start -0.162779 -0.51) (end 0.162779 -0.51) (layer F.SilkS) (width 0.12))
    (fp_line (start 0.8 0.4) (end -0.8 0.4) (layer F.Fab) (width 0.1))
    (fp_line (start 0.8 -0.4) (end 0.8 0.4) (layer F.Fab) (width 0.1))
    (fp_line (start -0.8 -0.4) (end 0.8 -0.4) (layer F.Fab) (width 0.1))
    (fp_line (start -0.8 0.4) (end -0.8 -0.4) (layer F.Fab) (width 0.1))
    (pad 2 smd roundrect (at 0.7875 0 270) (size 0.875 0.95) (layers F.Cu F.Paste F.Mask) (roundrect_rratio 0.25)
      (net 19 "Net-(R6-Pad2)"))
    (pad 1 smd roundrect (at -0.7875 0 270) (size 0.875 0.95) (layers F.Cu F.Paste F.Mask) (roundrect_rratio 0.25)
      (net 9 GNDREF))
    (model ${KISYS3DMOD}/Resistor_SMD.3dshapes/R_0603_1608Metric.wrl
      (at (xyz 0 0 0))
      (scale (xyz 1 1 1))
      (rotate (xyz 0 0 0))
    )
  )

  (module TestPoint:TestPoint_THTPad_D4.0mm_Drill2.0mm (layer F.Cu) (tedit 5A0F774F) (tstamp 5C97F53B)
    (at 167 98.81 180)
    (descr "THT pad as test Point, diameter 4.0mm, hole diameter 2.0mm")
    (tags "test point THT pad")
    (path /5CAAF213)
    (attr virtual)
    (fp_text reference TP3 (at 0 -2.898 180) (layer F.SilkS)
      (effects (font (size 1 1) (thickness 0.15)))
    )
    (fp_text value OUT_P (at 0 3.1 180) (layer F.Fab)
      (effects (font (size 1 1) (thickness 0.15)))
    )
    (fp_circle (center 0 0) (end 0 2.25) (layer F.SilkS) (width 0.12))
    (fp_circle (center 0 0) (end 2.5 0) (layer F.CrtYd) (width 0.05))
    (fp_text user %R (at 0 -2.9 180) (layer F.Fab)
      (effects (font (size 1 1) (thickness 0.15)))
    )
    (pad 1 thru_hole circle (at 0 0 180) (size 4 4) (drill 2) (layers *.Cu *.Mask)
      (net 10 "Net-(C6-Pad1)"))
  )

  (module TestPoint:TestPoint_THTPad_D4.0mm_Drill2.0mm (layer F.Cu) (tedit 5A0F774F) (tstamp 5C97E815)
    (at 167 117.86 270)
    (descr "THT pad as test Point, diameter 4.0mm, hole diameter 2.0mm")
    (tags "test point THT pad")
    (path /5CAAF21A)
    (attr virtual)
    (fp_text reference TP4 (at 0 -2.898 270) (layer F.SilkS)
      (effects (font (size 1 1) (thickness 0.15)))
    )
    (fp_text value OUT_N (at 0 3.1 270) (layer F.Fab)
      (effects (font (size 1 1) (thickness 0.15)))
    )
    (fp_text user %R (at 0 -2.9 270) (layer F.Fab)
      (effects (font (size 1 1) (thickness 0.15)))
    )
    (fp_circle (center 0 0) (end 2.5 0) (layer F.CrtYd) (width 0.05))
    (fp_circle (center 0 0) (end 0 2.25) (layer F.SilkS) (width 0.12))
    (pad 1 thru_hole circle (at 0 0 270) (size 4 4) (drill 2) (layers *.Cu *.Mask)
      (net 9 GNDREF))
  )

  (module TestPoint:TestPoint_THTPad_D4.0mm_Drill2.0mm (layer F.Cu) (tedit 5A0F774F) (tstamp 5C5FACFD)
    (at 104.8 99.81 180)
    (descr "THT pad as test Point, diameter 4.0mm, hole diameter 2.0mm")
    (tags "test point THT pad")
    (path /5CAAF242)
    (attr virtual)
    (fp_text reference TP1 (at 0 -2.898 180) (layer F.SilkS)
      (effects (font (size 1 1) (thickness 0.15)))
    )
    (fp_text value IN_P (at 0 3.1 180) (layer F.Fab)
      (effects (font (size 1 1) (thickness 0.15)))
    )
    (fp_circle (center 0 0) (end 0 2.25) (layer F.SilkS) (width 0.12))
    (fp_circle (center 0 0) (end 2.5 0) (layer F.CrtYd) (width 0.05))
    (fp_text user %R (at 0 -2.9 180) (layer F.Fab)
      (effects (font (size 1 1) (thickness 0.15)))
    )
    (pad 1 thru_hole circle (at 0 0 180) (size 4 4) (drill 2) (layers *.Cu *.Mask)
      (net 7 "Net-(DP3T1-Pad3)"))
  )

  (module TestPoint:TestPoint_THTPad_D4.0mm_Drill2.0mm (layer F.Cu) (tedit 5A0F774F) (tstamp 5C98F6D4)
    (at 104.8 118.86 270)
    (descr "THT pad as test Point, diameter 4.0mm, hole diameter 2.0mm")
    (tags "test point THT pad")
    (path /5CAAF249)
    (attr virtual)
    (fp_text reference TP2 (at 0 -2.898 270) (layer F.SilkS)
      (effects (font (size 1 1) (thickness 0.15)))
    )
    (fp_text value IN_N (at 0 3.1 270) (layer F.Fab)
      (effects (font (size 1 1) (thickness 0.15)))
    )
    (fp_text user %R (at 0 -2.9 270) (layer F.Fab)
      (effects (font (size 1 1) (thickness 0.15)))
    )
    (fp_circle (center 0 0) (end 2.5 0) (layer F.CrtYd) (width 0.05))
    (fp_circle (center 0 0) (end 0 2.25) (layer F.SilkS) (width 0.12))
    (pad 1 thru_hole circle (at 0 0 270) (size 4 4) (drill 2) (layers *.Cu *.Mask)
      (net 9 GNDREF))
  )

  (module Resistor_SMD:R_0603_1608Metric (layer F.Cu) (tedit 5B301BBD) (tstamp 5C97ED28)
    (at 150.75 112.75 270)
    (descr "Resistor SMD 0603 (1608 Metric), square (rectangular) end terminal, IPC_7351 nominal, (Body size source: http://www.tortai-tech.com/upload/download/2011102023233369053.pdf), generated with kicad-footprint-generator")
    (tags resistor)
    (path /5CAAF1D3)
    (attr smd)
    (fp_text reference R10 (at 0 -1.43 270) (layer F.SilkS)
      (effects (font (size 1 1) (thickness 0.15)))
    )
    (fp_text value "2.2k .05%" (at 0 1.43 270) (layer F.Fab)
      (effects (font (size 1 1) (thickness 0.15)))
    )
    (fp_line (start -0.8 0.4) (end -0.8 -0.4) (layer F.Fab) (width 0.1))
    (fp_line (start -0.8 -0.4) (end 0.8 -0.4) (layer F.Fab) (width 0.1))
    (fp_line (start 0.8 -0.4) (end 0.8 0.4) (layer F.Fab) (width 0.1))
    (fp_line (start 0.8 0.4) (end -0.8 0.4) (layer F.Fab) (width 0.1))
    (fp_line (start -0.162779 -0.51) (end 0.162779 -0.51) (layer F.SilkS) (width 0.12))
    (fp_line (start -0.162779 0.51) (end 0.162779 0.51) (layer F.SilkS) (width 0.12))
    (fp_line (start -1.48 0.73) (end -1.48 -0.73) (layer F.CrtYd) (width 0.05))
    (fp_line (start -1.48 -0.73) (end 1.48 -0.73) (layer F.CrtYd) (width 0.05))
    (fp_line (start 1.48 -0.73) (end 1.48 0.73) (layer F.CrtYd) (width 0.05))
    (fp_line (start 1.48 0.73) (end -1.48 0.73) (layer F.CrtYd) (width 0.05))
    (fp_text user %R (at 0 0 270) (layer F.Fab)
      (effects (font (size 0.4 0.4) (thickness 0.06)))
    )
    (pad 1 smd roundrect (at -0.7875 0 270) (size 0.875 0.95) (layers F.Cu F.Paste F.Mask) (roundrect_rratio 0.25)
      (net 17 "Net-(C2-Pad1)"))
    (pad 2 smd roundrect (at 0.7875 0 270) (size 0.875 0.95) (layers F.Cu F.Paste F.Mask) (roundrect_rratio 0.25)
      (net 2 "Net-(R10-Pad2)"))
    (model ${KISYS3DMOD}/Resistor_SMD.3dshapes/R_0603_1608Metric.wrl
      (at (xyz 0 0 0))
      (scale (xyz 1 1 1))
      (rotate (xyz 0 0 0))
    )
  )

  (module Resistor_SMD:R_0603_1608Metric (layer F.Cu) (tedit 5B301BBD) (tstamp 5CAE63E0)
    (at 135.05 97.45 270)
    (descr "Resistor SMD 0603 (1608 Metric), square (rectangular) end terminal, IPC_7351 nominal, (Body size source: http://www.tortai-tech.com/upload/download/2011102023233369053.pdf), generated with kicad-footprint-generator")
    (tags resistor)
    (path /5CAAF260)
    (attr smd)
    (fp_text reference R4 (at 0 -1.43 270) (layer F.SilkS)
      (effects (font (size 1 1) (thickness 0.15)))
    )
    (fp_text value "10m .05%" (at 0 1.43 270) (layer F.Fab)
      (effects (font (size 1 1) (thickness 0.15)))
    )
    (fp_text user %R (at 0 0 270) (layer F.Fab)
      (effects (font (size 0.4 0.4) (thickness 0.06)))
    )
    (fp_line (start 1.48 0.73) (end -1.48 0.73) (layer F.CrtYd) (width 0.05))
    (fp_line (start 1.48 -0.73) (end 1.48 0.73) (layer F.CrtYd) (width 0.05))
    (fp_line (start -1.48 -0.73) (end 1.48 -0.73) (layer F.CrtYd) (width 0.05))
    (fp_line (start -1.48 0.73) (end -1.48 -0.73) (layer F.CrtYd) (width 0.05))
    (fp_line (start -0.162779 0.51) (end 0.162779 0.51) (layer F.SilkS) (width 0.12))
    (fp_line (start -0.162779 -0.51) (end 0.162779 -0.51) (layer F.SilkS) (width 0.12))
    (fp_line (start 0.8 0.4) (end -0.8 0.4) (layer F.Fab) (width 0.1))
    (fp_line (start 0.8 -0.4) (end 0.8 0.4) (layer F.Fab) (width 0.1))
    (fp_line (start -0.8 -0.4) (end 0.8 -0.4) (layer F.Fab) (width 0.1))
    (fp_line (start -0.8 0.4) (end -0.8 -0.4) (layer F.Fab) (width 0.1))
    (pad 2 smd roundrect (at 0.7875 0 270) (size 0.875 0.95) (layers F.Cu F.Paste F.Mask) (roundrect_rratio 0.25)
      (net 9 GNDREF))
    (pad 1 smd roundrect (at -0.7875 0 270) (size 0.875 0.95) (layers F.Cu F.Paste F.Mask) (roundrect_rratio 0.25)
      (net 8 "Net-(DP3T1-Pad4)"))
    (model ${KISYS3DMOD}/Resistor_SMD.3dshapes/R_0603_1608Metric.wrl
      (at (xyz 0 0 0))
      (scale (xyz 1 1 1))
      (rotate (xyz 0 0 0))
    )
  )

  (module Resistor_SMD:R_0603_1608Metric (layer F.Cu) (tedit 5B301BBD) (tstamp 5C97EC59)
    (at 151.85 122.85 90)
    (descr "Resistor SMD 0603 (1608 Metric), square (rectangular) end terminal, IPC_7351 nominal, (Body size source: http://www.tortai-tech.com/upload/download/2011102023233369053.pdf), generated with kicad-footprint-generator")
    (tags resistor)
    (path /5CAAF1CC)
    (attr smd)
    (fp_text reference R7 (at 0 -1.43 90) (layer F.SilkS)
      (effects (font (size 1 1) (thickness 0.15)))
    )
    (fp_text value "1k .05%" (at 0 1.43 90) (layer F.Fab)
      (effects (font (size 1 1) (thickness 0.15)))
    )
    (fp_line (start -0.8 0.4) (end -0.8 -0.4) (layer F.Fab) (width 0.1))
    (fp_line (start -0.8 -0.4) (end 0.8 -0.4) (layer F.Fab) (width 0.1))
    (fp_line (start 0.8 -0.4) (end 0.8 0.4) (layer F.Fab) (width 0.1))
    (fp_line (start 0.8 0.4) (end -0.8 0.4) (layer F.Fab) (width 0.1))
    (fp_line (start -0.162779 -0.51) (end 0.162779 -0.51) (layer F.SilkS) (width 0.12))
    (fp_line (start -0.162779 0.51) (end 0.162779 0.51) (layer F.SilkS) (width 0.12))
    (fp_line (start -1.48 0.73) (end -1.48 -0.73) (layer F.CrtYd) (width 0.05))
    (fp_line (start -1.48 -0.73) (end 1.48 -0.73) (layer F.CrtYd) (width 0.05))
    (fp_line (start 1.48 -0.73) (end 1.48 0.73) (layer F.CrtYd) (width 0.05))
    (fp_line (start 1.48 0.73) (end -1.48 0.73) (layer F.CrtYd) (width 0.05))
    (fp_text user %R (at 0 0 90) (layer F.Fab)
      (effects (font (size 0.4 0.4) (thickness 0.06)))
    )
    (pad 1 smd roundrect (at -0.7875 0 90) (size 0.875 0.95) (layers F.Cu F.Paste F.Mask) (roundrect_rratio 0.25)
      (net 9 GNDREF))
    (pad 2 smd roundrect (at 0.7875 0 90) (size 0.875 0.95) (layers F.Cu F.Paste F.Mask) (roundrect_rratio 0.25)
      (net 18 "Net-(C2-Pad2)"))
    (model ${KISYS3DMOD}/Resistor_SMD.3dshapes/R_0603_1608Metric.wrl
      (at (xyz 0 0 0))
      (scale (xyz 1 1 1))
      (rotate (xyz 0 0 0))
    )
  )

  (module Resistor_SMD:R_0603_1608Metric (layer F.Cu) (tedit 5B301BBD) (tstamp 5C97ECC8)
    (at 145.85 122.85 90)
    (descr "Resistor SMD 0603 (1608 Metric), square (rectangular) end terminal, IPC_7351 nominal, (Body size source: http://www.tortai-tech.com/upload/download/2011102023233369053.pdf), generated with kicad-footprint-generator")
    (tags resistor)
    (path /5CAAF23A)
    (attr smd)
    (fp_text reference R8 (at 0 -1.43 90) (layer F.SilkS)
      (effects (font (size 1 1) (thickness 0.15)))
    )
    (fp_text value 100 (at 0 1.43 90) (layer F.Fab)
      (effects (font (size 1 1) (thickness 0.15)))
    )
    (fp_text user %R (at 0 0 90) (layer F.Fab)
      (effects (font (size 0.4 0.4) (thickness 0.06)))
    )
    (fp_line (start 1.48 0.73) (end -1.48 0.73) (layer F.CrtYd) (width 0.05))
    (fp_line (start 1.48 -0.73) (end 1.48 0.73) (layer F.CrtYd) (width 0.05))
    (fp_line (start -1.48 -0.73) (end 1.48 -0.73) (layer F.CrtYd) (width 0.05))
    (fp_line (start -1.48 0.73) (end -1.48 -0.73) (layer F.CrtYd) (width 0.05))
    (fp_line (start -0.162779 0.51) (end 0.162779 0.51) (layer F.SilkS) (width 0.12))
    (fp_line (start -0.162779 -0.51) (end 0.162779 -0.51) (layer F.SilkS) (width 0.12))
    (fp_line (start 0.8 0.4) (end -0.8 0.4) (layer F.Fab) (width 0.1))
    (fp_line (start 0.8 -0.4) (end 0.8 0.4) (layer F.Fab) (width 0.1))
    (fp_line (start -0.8 -0.4) (end 0.8 -0.4) (layer F.Fab) (width 0.1))
    (fp_line (start -0.8 0.4) (end -0.8 -0.4) (layer F.Fab) (width 0.1))
    (pad 2 smd roundrect (at 0.7875 0 90) (size 0.875 0.95) (layers F.Cu F.Paste F.Mask) (roundrect_rratio 0.25)
      (net 12 "Net-(DP3T1-Pad6)"))
    (pad 1 smd roundrect (at -0.7875 0 90) (size 0.875 0.95) (layers F.Cu F.Paste F.Mask) (roundrect_rratio 0.25)
      (net 13 "Net-(R8-Pad1)"))
    (model ${KISYS3DMOD}/Resistor_SMD.3dshapes/R_0603_1608Metric.wrl
      (at (xyz 0 0 0))
      (scale (xyz 1 1 1))
      (rotate (xyz 0 0 0))
    )
  )

  (module Resistor_SMD:R_0603_1608Metric (layer F.Cu) (tedit 5B301BBD) (tstamp 5CAE6430)
    (at 137.05 97.45 270)
    (descr "Resistor SMD 0603 (1608 Metric), square (rectangular) end terminal, IPC_7351 nominal, (Body size source: http://www.tortai-tech.com/upload/download/2011102023233369053.pdf), generated with kicad-footprint-generator")
    (tags resistor)
    (path /5CAAF259)
    (attr smd)
    (fp_text reference R5 (at 0 -1.43 270) (layer F.SilkS)
      (effects (font (size 1 1) (thickness 0.15)))
    )
    (fp_text value "10 .05%" (at 0 1.43 270) (layer F.Fab)
      (effects (font (size 1 1) (thickness 0.15)))
    )
    (fp_line (start -0.8 0.4) (end -0.8 -0.4) (layer F.Fab) (width 0.1))
    (fp_line (start -0.8 -0.4) (end 0.8 -0.4) (layer F.Fab) (width 0.1))
    (fp_line (start 0.8 -0.4) (end 0.8 0.4) (layer F.Fab) (width 0.1))
    (fp_line (start 0.8 0.4) (end -0.8 0.4) (layer F.Fab) (width 0.1))
    (fp_line (start -0.162779 -0.51) (end 0.162779 -0.51) (layer F.SilkS) (width 0.12))
    (fp_line (start -0.162779 0.51) (end 0.162779 0.51) (layer F.SilkS) (width 0.12))
    (fp_line (start -1.48 0.73) (end -1.48 -0.73) (layer F.CrtYd) (width 0.05))
    (fp_line (start -1.48 -0.73) (end 1.48 -0.73) (layer F.CrtYd) (width 0.05))
    (fp_line (start 1.48 -0.73) (end 1.48 0.73) (layer F.CrtYd) (width 0.05))
    (fp_line (start 1.48 0.73) (end -1.48 0.73) (layer F.CrtYd) (width 0.05))
    (fp_text user %R (at 0 0 270) (layer F.Fab)
      (effects (font (size 0.4 0.4) (thickness 0.06)))
    )
    (pad 1 smd roundrect (at -0.7875 0 270) (size 0.875 0.95) (layers F.Cu F.Paste F.Mask) (roundrect_rratio 0.25)
      (net 6 "Net-(DP3T1-Pad2)"))
    (pad 2 smd roundrect (at 0.7875 0 270) (size 0.875 0.95) (layers F.Cu F.Paste F.Mask) (roundrect_rratio 0.25)
      (net 8 "Net-(DP3T1-Pad4)"))
    (model ${KISYS3DMOD}/Resistor_SMD.3dshapes/R_0603_1608Metric.wrl
      (at (xyz 0 0 0))
      (scale (xyz 1 1 1))
      (rotate (xyz 0 0 0))
    )
  )

  (module Resistor_SMD:R_0603_1608Metric (layer F.Cu) (tedit 5B301BBD) (tstamp 5C97F514)
    (at 157 108.2125 270)
    (descr "Resistor SMD 0603 (1608 Metric), square (rectangular) end terminal, IPC_7351 nominal, (Body size source: http://www.tortai-tech.com/upload/download/2011102023233369053.pdf), generated with kicad-footprint-generator")
    (tags resistor)
    (path /5CAAF200)
    (attr smd)
    (fp_text reference R14 (at 0 -1.43 270) (layer F.SilkS)
      (effects (font (size 1 1) (thickness 0.15)))
    )
    (fp_text value 100 (at 0 1.43 270) (layer F.Fab)
      (effects (font (size 1 1) (thickness 0.15)))
    )
    (fp_text user %R (at 0 0 270) (layer F.Fab)
      (effects (font (size 0.4 0.4) (thickness 0.06)))
    )
    (fp_line (start 1.48 0.73) (end -1.48 0.73) (layer F.CrtYd) (width 0.05))
    (fp_line (start 1.48 -0.73) (end 1.48 0.73) (layer F.CrtYd) (width 0.05))
    (fp_line (start -1.48 -0.73) (end 1.48 -0.73) (layer F.CrtYd) (width 0.05))
    (fp_line (start -1.48 0.73) (end -1.48 -0.73) (layer F.CrtYd) (width 0.05))
    (fp_line (start -0.162779 0.51) (end 0.162779 0.51) (layer F.SilkS) (width 0.12))
    (fp_line (start -0.162779 -0.51) (end 0.162779 -0.51) (layer F.SilkS) (width 0.12))
    (fp_line (start 0.8 0.4) (end -0.8 0.4) (layer F.Fab) (width 0.1))
    (fp_line (start 0.8 -0.4) (end 0.8 0.4) (layer F.Fab) (width 0.1))
    (fp_line (start -0.8 -0.4) (end 0.8 -0.4) (layer F.Fab) (width 0.1))
    (fp_line (start -0.8 0.4) (end -0.8 -0.4) (layer F.Fab) (width 0.1))
    (pad 2 smd roundrect (at 0.7875 0 270) (size 0.875 0.95) (layers F.Cu F.Paste F.Mask) (roundrect_rratio 0.25)
      (net 15 "Net-(C4-Pad1)"))
    (pad 1 smd roundrect (at -0.7875 0 270) (size 0.875 0.95) (layers F.Cu F.Paste F.Mask) (roundrect_rratio 0.25)
      (net 10 "Net-(C6-Pad1)"))
    (model ${KISYS3DMOD}/Resistor_SMD.3dshapes/R_0603_1608Metric.wrl
      (at (xyz 0 0 0))
      (scale (xyz 1 1 1))
      (rotate (xyz 0 0 0))
    )
  )

  (module Resistor_SMD:R_0603_1608Metric (layer F.Cu) (tedit 5B301BBD) (tstamp 5C97ED58)
    (at 153.85 122.85 90)
    (descr "Resistor SMD 0603 (1608 Metric), square (rectangular) end terminal, IPC_7351 nominal, (Body size source: http://www.tortai-tech.com/upload/download/2011102023233369053.pdf), generated with kicad-footprint-generator")
    (tags resistor)
    (path /5CAAF199)
    (attr smd)
    (fp_text reference R13 (at 0 -1.43 90) (layer F.SilkS)
      (effects (font (size 1 1) (thickness 0.15)))
    )
    (fp_text value "2.2k .05%" (at 0 1.43 90) (layer F.Fab)
      (effects (font (size 1 1) (thickness 0.15)))
    )
    (fp_line (start -0.8 0.4) (end -0.8 -0.4) (layer F.Fab) (width 0.1))
    (fp_line (start -0.8 -0.4) (end 0.8 -0.4) (layer F.Fab) (width 0.1))
    (fp_line (start 0.8 -0.4) (end 0.8 0.4) (layer F.Fab) (width 0.1))
    (fp_line (start 0.8 0.4) (end -0.8 0.4) (layer F.Fab) (width 0.1))
    (fp_line (start -0.162779 -0.51) (end 0.162779 -0.51) (layer F.SilkS) (width 0.12))
    (fp_line (start -0.162779 0.51) (end 0.162779 0.51) (layer F.SilkS) (width 0.12))
    (fp_line (start -1.48 0.73) (end -1.48 -0.73) (layer F.CrtYd) (width 0.05))
    (fp_line (start -1.48 -0.73) (end 1.48 -0.73) (layer F.CrtYd) (width 0.05))
    (fp_line (start 1.48 -0.73) (end 1.48 0.73) (layer F.CrtYd) (width 0.05))
    (fp_line (start 1.48 0.73) (end -1.48 0.73) (layer F.CrtYd) (width 0.05))
    (fp_text user %R (at 0 0 90) (layer F.Fab)
      (effects (font (size 0.4 0.4) (thickness 0.06)))
    )
    (pad 1 smd roundrect (at -0.7875 0 90) (size 0.875 0.95) (layers F.Cu F.Paste F.Mask) (roundrect_rratio 0.25)
      (net 15 "Net-(C4-Pad1)"))
